ID	GeneID	geneSymbol	chr	strand	1stExonStart_0base	1stExonEnd	2ndExonStart_0base	2ndExonEnd	upstreamES	upstreamEE	downstreamES	downstreamEE	ID	IC_SAMPLE_1	SC_SAMPLE_1	IC_SAMPLE_2	SC_SAMPLE_2	IncFormLen	SkipFormLen	PValue	FDR	IncLevel1	IncLevel2	IncLevelDifference
2325	"ENSG00000137807.13"	"KIF23"	chr15	+	69440767	69441079	69444789	69445041	69440307	69440487	69446008	69446091	2325	357,310,159	1641,1514,780	263,367,433	505,640,599	401	341	0.0	0.0	0.156,0.148,0.148	0.307,0.328,0.381	-0.188
344	"ENSG00000182087.12"	"TMEM259"	chr19	-	1010990	1011095	1011095	1011195	1009647	1010895	1011366	1011499	344	466,551,253	27,20,4	335,341,484	78,50,70	189	194	0.0	0.0	0.947,0.966,0.985	0.815,0.875,0.877	0.11
891	"ENSG00000107669.17"	"ATE1"	chr10	-	121898840	121898969	121899865	121899994	121870005	121870038	121902390	121902620	891	44,56,22	168,234,73	59,79,139	46,27,63	218	218	0.0	0.0	0.208,0.193,0.232	0.562,0.745,0.688	-0.454
1557	"ENSG00000104413.15"	"ESRP1"	chr8	+	94692676	94692827	94696851	94696961	94678202	94678371	94705924	94707466	1557	204,184,69	369,322,157	397,445,544	305,330,454	240	199	5.55111512313e-16	2.03309591385e-13	0.314,0.321,0.267	0.519,0.528,0.498	-0.214
578	"ENSG00000075711.20"	"DLG1"	chr3	-	197075836	197075870	197076585	197076682	197069218	197069260	197081050	197081117	578	222,183,100	70,74,26	98,118,175	99,124,199	186	123	8.881784197e-16	2.60236276972e-13	0.677,0.621,0.718	0.396,0.386,0.368	0.289
2439	"ENSG00000148737.16"	"TCF7L2"	chr10	+	113159919	113159992	113160618	113160691	113158020	113158069	113165554	113167678	2439	17,32,8	148,126,41	2,1,10	141,218,318	162	162	2.44249065418e-15	5.96374801396e-13	0.103,0.203,0.163	0.014,0.005,0.03	0.14
1335	"ENSG00000113648.16"	"H2AFY"	chr5	-	135350822	135350913	135352945	135353045	135345967	135346057	135360496	135360607	1335	2600,2858,1235	95,75,36	685,824,840	54,72,79	189	180	3.66373598126e-15	7.66767601792e-13	0.963,0.973,0.97	0.924,0.916,0.91	0.052
579	"ENSG00000075711.20"	"DLG1"	chr3	-	197075836	197075870	197076585	197076685	197069218	197069260	197081050	197081117	579	326,241,128	70,74,26	154,152,283	99,124,199	189	123	5.10702591328e-15	9.35224120369e-13	0.752,0.679,0.762	0.503,0.444,0.481	0.255
2438	"ENSG00000148737.16"	"TCF7L2"	chr10	+	113159919	113159992	113160618	113160691	113158666	113158717	113165554	113167678	2438	27,45,12	59,60,17	4,1,15	40,91,119	162	162	3.45279360658e-14	5.62038070404e-12	0.314,0.429,0.414	0.091,0.011,0.112	0.314
2436	"ENSG00000148737.16"	"TCF7L2"	chr10	+	113158666	113158717	113160618	113160691	113158020	113158069	113165554	113167678	2436	65,44,16	148,126,41	18,18,35	141,218,318	140	162	2.20601314993e-13	3.23180926465e-11	0.337,0.288,0.311	0.129,0.087,0.113	0.202
617	"ENSG00000240344.8"	"PPIL3"	chr2	-	200882341	200882435	200885261	200885367	200881420	200881488	200885697	200885772	617	77,112,32	350,331,161	131,143,130	195,202,205	195	183	4.57411886146e-13	6.09189466549e-11	0.171,0.241,0.157	0.387,0.399,0.373	-0.197
141	"ENSG00000038427.15"	"VCAN"	chr5	+	83519348	83522309	83537006	83542268	83512102	83512396	83545536	83545650	141	561,491,95	9779,8126,2088	68,200,629	4477,7623,16497	3050	5351	5.00044450291e-13	6.10470933064e-11	0.091,0.096,0.074	0.026,0.044,0.063	0.043
2447	"ENSG00000077782.19"	"FGFR1"	chr8	-	38421796	38421941	38423024	38423175	38419532	38419735	38424508	38424699	2447	73,61,38	244,322,140	132,103,196	183,198,296	240	234	7.54063478325e-13	8.49771535189e-11	0.226,0.156,0.209	0.413,0.337,0.392	-0.184
867	"ENSG00000026508.16"	"CD44"	chr11	+	35198120	35198246	35211245	35211449	35189834	35190065	35214851	35214914	867	601,600,341	2327,2580,1330	472,336,497	2773,3147,4200	215	293	1.13287157433e-12	1.18546918314e-10	0.26,0.241,0.259	0.188,0.127,0.139	0.102
225	"ENSG00000182718.16"	"ANXA2"	chr15	-	60396279	60396427	60397257	60397338	60386027	60386086	60397942	60397986	225	1692,1977,729	165,153,64	723,964,1126	26,29,37	170	237	1.30007116184e-12	1.26973616806e-10	0.935,0.947,0.941	0.975,0.979,0.977	-0.036
618	"ENSG00000240344.8"	"PPIL3"	chr2	-	200882341	200882435	200885261	200885343	200881420	200881488	200885697	200885772	618	29,56,14	350,331,161	67,71,69	195,202,205	171	183	1.82209802801e-12	1.6683585069e-10	0.081,0.153,0.085	0.269,0.273,0.265	-0.163
2091	"ENSG00000136122.15"	"BORA"	chr13	+	72728925	72729093	72731280	72731387	72727922	72728007	72734959	72735005	2091	287,238,162	148,159,67	78,167,163	9,31,31	257	196	3.97916144479e-11	3.42910089213e-09	0.597,0.533,0.648	0.869,0.804,0.8	-0.232
1837	"ENSG00000188243.12"	"COMMD6"	chr13	-	75530113	75530266	75530310	75530408	75526435	75526639	75537663	75537675	1837	110,103,46	1545,1440,554	27,72,49	1372,1829,1535	187	242	5.16727771682e-11	4.20558991952e-09	0.084,0.085,0.097	0.025,0.048,0.04	0.051
1525	"ENSG00000100600.14"	"LGMN"	chr14	-	92741061	92741179	92741704	92741859	92732648	92732815	92748488	92748627	1525	3,2,1	1,0,0	0,0,0	5,3,5	244	207	5.79345460494e-11	4.46705841907e-09	0.718,1.0,1.0	0.0,0.0,0.0	0.906
2240	"ENSG00000164828.17"	"SUN1"	chr7	+	849519	849603	849922	850033	843340	843520	851383	851482	2240	75,73,29	230,182,68	58,45,57	291,319,550	173	200	7.24181825618e-11	5.30463187265e-09	0.274,0.317,0.33	0.187,0.14,0.107	0.162
541	"ENSG00000163964.13"	"PIGX"	chr3	+	196717808	196717954	196721176	196721356	196716857	196716921	196722414	196722556	541	2,10,0	11,17,1	2,5,2	0,0,0	235	269	9.92411708367e-11	6.83118009126e-09	0.172,0.402,0.0	1.0,1.0,1.0	-0.809
823	"ENSG00000139644.12"	"TMBIM6"	chr12	+	49742437	49742607	49744412	49744542	49741956	49742115	49752463	49752549	823	7,6,1	5,27,2	20,6,12	2,0,0	259	219	1.02584274408e-10	6.83118009126e-09	0.542,0.158,0.297	0.894,1.0,1.0	-0.632
643	"ENSG00000137878.16"	"GCOM1"	chr15	+	57674967	57675068	57711983	57712188	57661449	57661533	57714535	57714745	643	5,7,1	439,419,203	23,20,14	234,304,306	190	294	3.84488774152e-10	2.44902632232e-08	0.017,0.025,0.008	0.132,0.092,0.066	-0.08
208	"ENSG00000134759.13"	"ELP2"	chr18	+	36138794	36138872	36139418	36139613	36138269	36138426	36141136	36141201	208	352,282,147	8,7,2	98,143,176	9,16,25	167	284	4.33070357353e-10	2.62441519183e-08	0.987,0.986,0.992	0.949,0.938,0.923	0.052
218	"ENSG00000182718.16"	"ANXA2"	chr15	-	60396150	60396427	60397257	60397338	60386027	60386086	60397942	60397986	218	1692,1977,729	326,313,131	723,964,1126	79,67,100	170	366	4.47852421814e-10	2.62441519183e-08	0.918,0.932,0.923	0.952,0.969,0.96	-0.036
1836	"ENSG00000188243.12"	"COMMD6"	chr13	-	75530113	75530266	75530310	75530405	75526435	75526639	75537663	75537675	1836	125,107,44	1545,1440,554	37,68,61	1372,1829,1535	184	242	5.27220045399e-10	2.97068217888e-08	0.096,0.089,0.095	0.034,0.047,0.05	0.05
260	"ENSG00000123159.15"	"GIPC1"	chr19	-	14482688	14483006	14491655	14491743	14480592	14480778	14496036	14496132	260	49,64,17	909,898,356	79,44,63	442,362,472	177	407	7.52998441378e-10	4.08571376525e-08	0.11,0.141,0.099	0.291,0.218,0.235	-0.131
547	"ENSG00000135424.15"	"ITGA7"	chr12	-	55699869	55699989	55700261	55700393	55698709	55698917	55700898	55701154	547	0,0,0	24,10,2	15,3,7	23,7,21	221	209	2.72860878336e-09	1.42764709558e-07	0.0,0.0,0.0	0.381,0.288,0.24	-0.303
1526	"ENSG00000100600.14"	"LGMN"	chr14	-	92741061	92741179	92741717	92741859	92732648	92732815	92748488	92748627	1526	2,2,1	1,0,0	0,0,0	5,3,5	231	207	3.45102957322e-09	1.74336493957e-07	0.642,1.0,1.0	0.0,0.0,0.0	0.881
537	"ENSG00000196792.11"	"STRN3"	chr14	-	30918965	30919106	30929200	30929311	30913523	30913657	30935162	30935304	537	91,66,24	109,70,31	70,81,107	22,27,57	200	230	6.0767351151e-09	2.96747231454e-07	0.49,0.52,0.471	0.785,0.775,0.683	-0.254
2488	"ENSG00000124116.18"	"WFDC3"	chr20	-	45777074	45777206	45787835	45787982	45775416	45775602	45788930	45789059	2488	3,1,2	1,0,0	0,2,0	5,1,1	236	221	7.37440952747e-09	3.48500321218e-07	0.737,1.0,1.0	0.0,0.652,0.0	0.695
900	"ENSG00000168393.12"	"DTYMK"	chr2	-	241680228	241680319	241681918	241682333	241678451	241678649	241685768	241685877	900	26,33,9	836,920,388	15,24,39	339,294,188	504	180	7.92509169401e-09	3.62820604116e-07	0.011,0.013,0.008	0.016,0.028,0.069	-0.027
691	"ENSG00000151092.16"	"NGLY1"	chr3	-	25736003	25736149	25736308	25736400	25733871	25733982	25737333	25737455	691	34,35,13	299,265,107	16,26,17	246,504,767	181	235	1.00681716297e-08	4.46965801137e-07	0.129,0.146,0.136	0.078,0.063,0.028	0.081
1660	"ENSG00000184047.15"	"DIABLO"	chr12	-	122224511	122224644	122224644	122224748	122218265	122218397	122225964	122226052	1660	115,87,48	499,556,254	24,44,39	304,483,467	193	222	1.96380547379e-08	8.46169123265e-07	0.21,0.153,0.179	0.083,0.095,0.088	0.092
1801	"ENSG00000187634.11"	"SAMD11"	chr1	+	939274	939460	941143	941306	939039	939129	942135	942251	1801	1,1,1	0,0,0	1,5,10	5,6,3	275	252	2.07814788711e-08	8.6985332989e-07	1.0,1.0,1.0	0.155,0.433,0.753	0.553
1918	"ENSG00000117335.19"	"CD46"	chr1	+	207767778	207767823	207770320	207770362	207767012	207767195	207783291	207783330	1918	86,69,39	344,282,135	30,35,51	268,364,408	134	131	2.37881798704e-08	9.6804676417e-07	0.196,0.193,0.22	0.099,0.086,0.109	0.105
458	"ENSG00000067225.17"	"PKM"	chr15	-	72202453	72202620	72203021	72203188	72200473	72200655	72206727	72206880	458	999,834,344	9568,8726,3534	1759,1657,2275	12319,10450,12709	256	256	3.75082261916e-08	1.48512301002e-06	0.095,0.087,0.089	0.125,0.137,0.152	-0.048
2084	"ENSG00000162910.18"	"MRPL55"	chr1	-	228108436	228108474	228108954	228109021	228108234	228108318	228109260	228109299	2084	60,73,68	6,16,4	13,14,15	7,11,19	156	127	5.73554210792e-08	2.21120241792e-06	0.891,0.788,0.933	0.602,0.509,0.391	0.37
1913	"ENSG00000134444.13"	"KIAA1468"	chr18	+	62279773	62279856	62280359	62280442	62275373	62275473	62280645	62280709	1913	41,31,18	43,40,15	1,5,8	8,30,38	172	172	6.18018675125e-08	2.32153168989e-06	0.488,0.437,0.545	0.111,0.143,0.174	0.347
119	"ENSG00000125970.11"	"RALY"	chr20	+	34073562	34073635	34073818	34073866	34072065	34072205	34075873	34076040	119	40,44,16	248,263,130	51,65,67	153,156,204	162	137	1.14582594524e-07	4.19658752444e-06	0.12,0.124,0.094	0.22,0.261,0.217	-0.12
1037	"ENSG00000163319.10"	"MRPS18C"	chr4	+	83458345	83458429	83459739	83459797	83456908	83456958	83460972	83461032	1037	743,741,357	597,570,270	157,196,178	179,316,241	173	147	1.50494192774e-07	5.37741444912e-06	0.514,0.525,0.529	0.427,0.345,0.386	0.137
1640	"ENSG00000143727.15"	"ACP1"	chr2	+	272036	272150	272191	272305	271865	271939	275139	275201	1640	1400,1535,665	437,412,164	621,587,770	232,347,419	203	203	1.83220846606e-07	6.26139787164e-06	0.762,0.788,0.802	0.728,0.628,0.648	0.116
188	"ENSG00000078403.16"	"MLLT10"	chr10	+	21557620	21557824	21571974	21572026	21538832	21538912	21586293	21586348	188	28,33,6	7,11,0	6,17,32	0,0,0	293	141	1.83781644014e-07	6.26139787164e-06	0.658,0.591,1.0	1.0,1.0,1.0	-0.25
247	"ENSG00000255526.6"	"NEDD8-MDP1"	chr14	-	24215736	24215797	24217185	24217223	24215551	24215662	24218132	24218215	247	777,715,350	79,85,29	432,487,438	6,34,21	127	150	2.28146376791e-07	7.59623731815e-06	0.921,0.909,0.934	0.988,0.944,0.961	-0.043
942	"ENSG00000259316.9"	"CTD-2116N17.1"	chr15	-	64365985	64366075	64376742	64376905	64300318	64300723	64380957	64381038	942	1963,1810,678	185,125,52	516,922,689	70,117,123	252	179	4.1985312238e-07	1.36685516508e-05	0.883,0.911,0.903	0.84,0.848,0.799	0.07
228	"ENSG00000168958.19"	"MFF"	chr2	+	227342744	227342819	227347225	227347384	227340291	227340380	227355676	227355761	228	62,52,22	142,175,67	17,9,14	93,101,128	164	248	4.81679248376e-07	1.5340436932e-05	0.398,0.31,0.332	0.217,0.119,0.142	0.187
102	"ENSG00000092199.17"	"HNRNPC"	chr14	-	21236372	21236460	21262600	21262768	21233952	21234229	21263310	21263336	102	63,49,14	73,39,20	38,24,36	10,4,12	257	177	5.24971268345e-07	1.63634661303e-05	0.373,0.464,0.325	0.724,0.805,0.674	-0.347
572	"ENSG00000160191.17"	"PDE9A"	chr21	+	42731769	42731949	42732069	42732124	42698967	42699011	42733355	42733426	572	28,32,8	108,142,42	96,82,95	129,167,208	269	144	6.29129661034e-07	1.88096929268e-05	0.122,0.108,0.093	0.285,0.208,0.196	-0.122
688	"ENSG00000072682.18"	"P4HA2"	chr5	-	132198205	132198271	132198320	132198380	132195411	132195480	132198878	132198932	688	278,244,131	32,35,11	396,427,450	96,82,167	149	155	6.27751618465e-07	1.88096929268e-05	0.9,0.879,0.925	0.811,0.844,0.737	0.104
645	"ENSG00000137878.16"	"GCOM1"	chr15	+	57674967	57675068	57711983	57712188	57639439	57639545	57714535	57714745	645	0,3,0	439,419,203	9,9,9	234,304,306	190	294	1.10874532866e-06	3.24862381297e-05	0.0,0.011,0.0	0.056,0.044,0.044	-0.044
2234	"ENSG00000113558.18"	"SKP1"	chr5	-	134170950	134171038	134173700	134173766	134167169	134167243	134173925	134174022	2234	9,1,2	3,9,4	5,3,5	1,0,0	155	177	1.15035937664e-06	3.30446369956e-05	0.774,0.113,0.363	0.851,1.0,1.0	-0.534
2514	"ENSG00000132549.18"	"VPS13B"	chr8	+	99507136	99507203	99507769	99507911	99502835	99502950	99511103	99511512	2514	15,3,5	0,0,0	4,5,17	2,1,9	156	231	1.56733383438e-06	4.35793218805e-05	1.0,1.0,1.0	0.748,0.881,0.737	0.211
620	"ENSG00000240344.8"	"PPIL3"	chr2	-	200882341	200882382	200885261	200885343	200881420	200881488	200885697	200885772	620	29,56,14	74,86,42	67,71,69	57,58,56	171	130	1.57658980182e-06	4.35793218805e-05	0.23,0.331,0.202	0.472,0.482,0.484	-0.225
136	"ENSG00000131051.21"	"RBM39"	chr20	-	35739392	35739547	35740524	35740597	35738967	35739017	35740823	35740887	136	92,86,39	22,35,12	37,55,76	27,59,53	162	244	2.01412080181e-06	5.46423513824e-05	0.863,0.787,0.83	0.674,0.584,0.684	0.179
1167	"ENSG00000115648.13"	"MLPH"	chr2	+	237527376	237527516	237534563	237534647	237525600	237525805	237540347	237540533	1167	306,362,136	30,37,11	213,206,301	6,3,15	229	173	3.08173081232e-06	8.20861025463e-05	0.885,0.881,0.903	0.964,0.981,0.938	-0.071
619	"ENSG00000240344.8"	"PPIL3"	chr2	-	200882341	200882382	200885261	200885367	200881420	200881488	200885697	200885772	619	77,112,32	74,86,42	131,143,130	57,58,56	195	130	3.94657199165e-06	0.000103245142282	0.41,0.465,0.337	0.605,0.622,0.607	-0.207
2332	"ENSG00000101017.13"	"CD40"	chr20	+	46123125	46123219	46126639	46126701	46122609	46122756	46128137	46128224	2332	67,74,41	37,25,17	68,83,83	9,12,13	183	151	4.14382810554e-06	0.000106503652186	0.599,0.71,0.666	0.862,0.851,0.84	-0.193
714	"ENSG00000226383.6"	"AC093375.1"	chr2	-	156024469	156024576	156205381	156205438	156022671	156022817	156227966	156228004	714	3,3,2	6,3,0	0,0,1	4,5,4	146	196	4.52361453529e-06	0.000114260263693	0.402,0.573,1.0	0.0,0.0,0.251	0.575
556	"ENSG00000136754.16"	"ABI1"	chr10	-	26755654	26755741	26759061	26759235	26751597	26751783	26765217	26765318	556	201,150,47	73,68,31	166,180,253	38,36,42	263	176	4.68471712611e-06	0.000116323908301	0.648,0.596,0.504	0.745,0.77,0.801	-0.189
2288	"ENSG00000175063.16"	"UBE2C"	chr20	+	45814383	45814470	45815389	45815540	45813436	45813464	45815853	45815913	2288	1140,1309,584	37,41,14	887,980,994	3,12,16	176	240	7.83229684642e-06	0.000191238581333	0.977,0.978,0.983	0.998,0.991,0.988	-0.013
1934	"ENSG00000015153.14"	"YAF2"	chr12	-	42199135	42199235	42210354	42210454	42161612	42161765	42210547	42210619	1934	8,8,4	1,0,0	6,1,2	1,2,5	189	189	1.43828409728e-05	0.000345423967625	0.889,1.0,1.0	0.857,0.333,0.286	0.471
1554	"ENSG00000213593.9"	"TMX2"	chr11	+	57737835	57738026	57738353	57738430	57737607	57737668	57738663	57738770	1554	125,154,83	455,475,234	47,109,103	111,136,180	280	166	1.63894870961e-05	0.000387267719287	0.14,0.161,0.174	0.201,0.322,0.253	-0.1
2361	"ENSG00000266173.5"	"STRADA"	chr17	-	63714005	63714108	63726637	63726695	63713405	63713527	63728333	63728413	2361	41,42,20	177,176,60	6,10,18	78,126,129	147	192	1.78404374113e-05	0.000414860965199	0.232,0.238,0.303	0.091,0.094,0.154	0.145
2353	"ENSG00000031823.14"	"RANBP3"	chr19	-	5951392	5951596	5957917	5957973	5941798	5941835	5978060	5978085	2353	264,186,99	50,48,21	131,97,124	17,6,9	145	293	2.02900120725e-05	0.000464451057597	0.914,0.887,0.905	0.94,0.97,0.965	-0.056
1382	"ENSG00000248751.6"	"RP1-130H16.18"	chr22	-	30288705	30288776	30292772	30292851	30287372	30287560	30293650	30293805	1382	17,34,15	1,0,2	43,26,58	6,24,10	168	160	2.19924096055e-05	0.000495675078032	0.942,1.0,0.877	0.872,0.508,0.847	0.197
557	"ENSG00000136754.16"	"ABI1"	chr10	-	26755654	26755741	26759061	26759238	26751597	26751783	26765217	26765318	557	249,180,48	73,68,31	209,211,286	38,36,42	266	176	2.25733732409e-05	0.000501060481787	0.693,0.637,0.506	0.784,0.795,0.818	-0.187
229	"ENSG00000168958.19"	"MFF"	chr2	+	227342744	227342819	227352513	227352573	227340291	227340380	227355676	227355761	229	62,52,22	159,172,76	17,9,14	79,82,117	164	149	2.58094301832e-05	0.000564340525648	0.262,0.215,0.208	0.164,0.091,0.098	0.111
109	"ENSG00000161249.20"	"DMKN"	chr19	-	35506125	35506185	35508204	35508240	35505938	35505986	35509910	35509961	109	88,89,62	82,99,36	24,11,19	41,50,48	125	149	2.79241584324e-05	0.000601601354463	0.561,0.517,0.672	0.411,0.208,0.321	0.27
1793	"ENSG00000198431.15"	"TXNRD1"	chr12	+	104290992	104291104	104309758	104309950	104288930	104289040	104311289	104311412	1793	175,154,68	14,21,16	7,33,32	6,11,18	201	281	3.04694888714e-05	0.00064326599386	0.946,0.911,0.856	0.62,0.807,0.713	0.191
852	"ENSG00000104408.9"	"EIF3E"	chr8	-	108242111	108242256	108243292	108243463	108241798	108241913	108248612	108248717	852	79,98,27	4,7,1	76,65,114	9,16,27	260	234	3.07362590923e-05	0.00064326599386	0.947,0.926,0.96	0.884,0.785,0.792	0.124
1961	"ENSG00000119688.20"	"ABCD4"	chr14	-	74293153	74293248	74295147	74295198	74292747	74292869	74295853	74295979	1961	46,36,10	47,59,24	27,27,30	14,14,11	140	184	3.36798368947e-05	0.000694943113391	0.563,0.445,0.354	0.717,0.717,0.782	-0.285
2008	"ENSG00000108021.19"	"FAM208B"	chr10	+	5714134	5714207	5717658	5717750	5712822	5712918	5720543	5720668	2008	78,81,39	33,23,9	28,15,40	2,0,5	162	181	3.42595353781e-05	0.000697086379568	0.725,0.797,0.829	0.94,1.0,0.899	-0.163
251	"ENSG00000112062.10"	"MAPK14"	chr6	+	36095986	36096066	36100187	36100267	36076536	36076608	36102570	36102649	251	209,229,77	95,95,54	100,126,214	33,32,35	169	169	3.68005663316e-05	0.000738531913367	0.688,0.707,0.588	0.752,0.797,0.859	-0.142
639	"ENSG00000156170.12"	"NDUFAF6"	chr8	+	95036301	95036494	95040705	95040927	95035453	95035576	95041569	95041626	639	28,22,16	2,6,4	1,12,7	0,0,0	282	311	4.51129559691e-05	0.00089311460128	0.939,0.802,0.815	1.0,1.0,1.0	-0.148
1357	"ENSG00000173818.16"	"ENDOV"	chr17	+	80417780	80417945	80422205	80422245	80415649	80415821	80423519	80423632	1357	1,2,3	42,57,23	4,5,15	23,27,48	254	129	4.8205814658e-05	0.00094162024632	0.012,0.018,0.062	0.081,0.086,0.137	-0.071
108	"ENSG00000161249.20"	"DMKN"	chr19	-	35506125	35506185	35507457	35507511	35505938	35505986	35508204	35508240	108	26,14,7	79,88,40	3,2,2	37,42,41	143	149	5.93787724569e-05	0.00112973898246	0.255,0.142,0.154	0.078,0.047,0.048	0.126
884	"ENSG00000223959.8"	"AFG3L1P"	chr16	+	89977638	89977802	89978809	89978878	89972585	89972765	89980241	89980336	884	107,100,55	75,90,35	27,40,62	8,12,22	253	158	5.87252185802e-05	0.00112973898246	0.471,0.41,0.495	0.678,0.676,0.638	-0.205
638	"ENSG00000156170.12"	"NDUFAF6"	chr8	+	95036370	95036494	95040705	95040927	95035453	95035576	95041569	95041626	638	19,22,13	2,6,4	1,11,4	0,0,0	213	311	6.34708558133e-05	0.00117702283249	0.933,0.843,0.826	1.0,1.0,1.0	-0.133
805	"ENSG00000066468.21"	"FGFR2"	chr10	-	121517318	121517463	121518681	121518829	121515116	121515319	121519978	121520169	805	86,83,17	8,6,0	50,46,72	0,0,0	237	234	6.28343352664e-05	0.00117702283249	0.914,0.932,1.0	1.0,1.0,1.0	-0.051
222	"ENSG00000182718.16"	"ANXA2"	chr15	-	60390212	60390317	60396372	60396427	60386027	60386086	60397942	60397986	222	5,3,1	100,111,56	7,5,8	54,28,42	144	194	6.54853977028e-05	0.0011955287292	0.063,0.035,0.023	0.149,0.194,0.204	-0.142
482	"ENSG00000153071.14"	"DAB2"	chr5	-	39382617	39383271	39388304	39388367	39381453	39381616	39388798	39388852	482	10,9,4	129,91,35	1,0,5	70,94,145	152	743	6.61009058468e-05	0.0011955287292	0.275,0.326,0.358	0.065,0.0,0.144	0.25
105	"ENSG00000161249.20"	"DMKN"	chr19	-	35505938	35505986	35509910	35509961	35505717	35505765	35510183	35510252	105	318,317,149	835,849,494	101,123,103	422,518,486	140	137	7.16861914069e-05	0.00128073500501	0.271,0.268,0.228	0.19,0.189,0.172	0.072
236	"ENSG00000130731.15"	"C16orf13"	chr16	-	634888	634956	635280	635340	634718	634797	635611	635774	236	97,68,38	51,66,28	31,61,66	105,76,114	149	157	7.56182745907e-05	0.0013347080997	0.667,0.521,0.588	0.237,0.458,0.379	0.234
163	"ENSG00000111596.11"	"CNOT2"	chr12	+	70285399	70285586	70301704	70301865	70278131	70278274	70310894	70311017	163	53,43,22	39,17,11	89,90,72	9,9,27	276	250	7.97940697254e-05	0.00139164657319	0.552,0.696,0.644	0.9,0.901,0.707	-0.205
2318	"ENSG00000269713.7"	"NBPF9"	chr1	-	149082276	149082430	149090204	149090428	149081964	149082174	149090752	149090894	2318	41,40,22	25,17,11	9,9,6	13,13,16	313	243	8.38614427858e-05	0.00144537663154	0.56,0.646,0.608	0.35,0.35,0.225	0.296
1898	"ENSG00000197467.13"	"COL13A1"	chr10	+	69897474	69897531	69898696	69898762	69895549	69895576	69902747	69902855	1898	8,11,8	0,0,0	14,31,43	4,0,9	146	155	8.7967513879e-05	0.00149676202937	1.0,1.0,1.0	0.788,1.0,0.835	0.126
993	"ENSG00000153093.18"	"ACOXL"	chr2	+	111031626	111031714	111049217	111049288	110995892	110996004	111092864	111092966	993	7,1,2	3,0,1	1,0,2	2,2,9	177	160	8.88862092528e-05	0.00149676202937	0.678,1.0,0.644	0.311,0.0,0.167	0.615
1771	"ENSG00000157823.16"	"AP3S2"	chr15	-	89877305	89877424	89878264	89878300	89871474	89871546	89888520	89888632	1771	15,11,4	45,60,37	2,0,0	8,15,25	125	208	9.43148573497e-05	0.00157012802292	0.357,0.234,0.152	0.294,0.0,0.0	0.15
489	"ENSG00000205581.10"	"HMGN1"	chr21	-	39345829	39345958	39347246	39347292	39345145	39345274	39348291	39348339	489	8,8,4	149,162,55	1,0,2	43,94,143	135	218	0.000103485836141	0.00168451944385	0.08,0.074,0.105	0.036,0.0,0.022	0.067
970	"ENSG00000153406.13"	"NMRAL1"	chr16	-	4469226	4469465	4469503	4469698	4466152	4466402	4474092	4474166	970	24,36,14	829,727,326	4,3,12	447,335,423	284	328	0.000102766828413	0.00168451944385	0.032,0.054,0.047	0.01,0.01,0.032	0.027
1433	"ENSG00000143363.15"	"PRUNE1"	chr1	+	151018556	151018669	151025514	151025673	151017811	151017904	151027232	151027327	1433	20,14,8	128,117,38	5,6,4	79,127,102	202	248	0.000116893569661	0.00188185801707	0.161,0.128,0.205	0.072,0.055,0.046	0.107
1990	"ENSG00000105793.15"	"GTPBP10"	chr7	+	90355085	90355230	90372154	90372228	90352815	90353009	90374301	90374354	1990	81,99,42	102,107,32	6,20,22	27,34,64	234	163	0.000126248519004	0.00201037043849	0.356,0.392,0.478	0.134,0.291,0.193	0.203
752	"ENSG00000080947.14"	"CROCCP3"	chr1	-	16486425	16486661	16489684	16489791	16485568	16485665	16490617	16490783	752	0,0,0	8,8,3	3,0,4	7,6,20	196	325	0.000142975178543	0.00225224340393	0.0,0.0,0.0	0.415,0.0,0.249	-0.221
1016	"ENSG00000166479.9"	"TMX3"	chr18	-	68700404	68700485	68701744	68701790	68697931	68698031	68710020	68710144	1016	137,157,72	13,18,2	65,85,60	1,2,2	135	170	0.000149577295486	0.00233117806263	0.93,0.917,0.978	0.988,0.982,0.974	-0.04
1377	"ENSG00000071054.16"	"MAP4K4"	chr2	+	101860824	101860986	101863820	101864051	101859735	101859864	101864929	101865036	1377	214,195,112	6,22,7	144,158,218	0,5,6	251	320	0.000199576381317	0.00307767788031	0.978,0.919,0.953	1.0,0.976,0.979	-0.035
519	"ENSG00000160688.18"	"FLAD1"	chr1	+	154992564	154992673	154992712	154992786	154990158	154990257	154992901	154993111	519	12,7,2	115,119,69	0,0,0	29,38,15	198	163	0.000208256540037	0.00317808157452	0.079,0.046,0.023	0.0,0.0,0.0	0.049
580	"ENSG00000075711.20"	"DLG1"	chr3	-	197076585	197076685	197081050	197081117	197075836	197075870	197085579	197085756	580	230,153,71	28,30,7	197,228,384	16,18,18	156	189	0.000221035659668	0.00333832207643	0.909,0.861,0.925	0.937,0.939,0.963	-0.048
1877	"ENSG00000169241.17"	"SLC50A1"	chr1	+	155136827	155136951	155137560	155137722	155136298	155136376	155137978	155138098	1877	126,95,39	301,176,120	116,154,206	180,221,255	213	251	0.000238984255124	0.00357257075262	0.33,0.389,0.277	0.432,0.451,0.488	-0.125
531	"ENSG00000181019.12"	"NQO1"	chr16	-	69713027	69713129	69714963	69715077	69709400	69711281	69718122	69718253	531	2139,1742,688	2209,1748,735	1853,1499,1445	2410,2153,2220	203	191	0.000249552588019	0.00369287415604	0.477,0.484,0.468	0.42,0.396,0.38	0.078
1565	"ENSG00000128989.10"	"ARPP19"	chr15	-	52564189	52564246	52568847	52568900	52557099	52557222	52569115	52569167	1565	323,252,125	19,26,10	149,156,194	3,4,8	142	146	0.00026043470464	0.00377285754316	0.946,0.909,0.928	0.981,0.976,0.961	-0.045
1823	"ENSG00000182389.19"	"CACNB4"	chr2	-	151860710	151860820	151872416	151872493	151855223	151855375	151876425	151876556	1823	5,4,6	2,0,0	1,5,14	9,3,3	166	199	0.000261655352866	0.00377285754316	0.75,1.0,1.0	0.118,0.666,0.848	0.373
2358	"ENSG00000151116.16"	"UEVLD"	chr11	-	18570213	18570377	18575346	18575412	18566346	18566482	18578723	18578808	2358	49,52,25	117,109,57	9,16,13	41,59,95	155	253	0.000262683596862	0.00377285754316	0.406,0.438,0.417	0.264,0.307,0.183	0.169
1058	"ENSG00000179818.13"	"PCBP1-AS1"	chr2	-	70018014	70018131	70051202	70051305	69996685	69996888	70055713	70055910	1058	26,14,3	1,2,0	5,8,9	6,2,3	192	206	0.000269313062994	0.00383052075035	0.965,0.882,1.0	0.472,0.811,0.763	0.267
1833	"ENSG00000141644.17"	"MBD1"	chr18	-	50274185	50274353	50274976	50275045	50273563	50273863	50275128	50275245	1833	84,88,35	116,111,49	98,46,102	59,42,81	158	257	0.000275678154544	0.00388335092699	0.541,0.563,0.537	0.73,0.64,0.672	-0.134
524	"ENSG00000185379.20"	"RAD51D"	chr17	-	35106987	35107122	35116858	35117037	35106440	35106481	35118500	35118619	524	5,9,0	47,71,18	9,2,6	3,3,16	268	224	0.000280505760588	0.00391372323106	0.082,0.096,0.0	0.715,0.358,0.239	-0.378
1844	"ENSG00000117640.17"	"MTFR1L"	chr1	+	25823237	25823323	25823345	25823439	25823018	25823128	25823643	25823748	1844	4,7,2	1,0,0	5,6,15	6,0,4	175	183	0.000313258366441	0.00432946704562	0.807,1.0,1.0	0.466,1.0,0.797	0.181
1890	"ENSG00000162601.9"	"MYSM1"	chr1	-	58668429	58668566	58668631	58668682	58667846	58667921	58668983	58669038	1890	68,69,35	12,15,6	28,38,59	22,17,22	140	226	0.000335423361231	0.00459247873087	0.901,0.881,0.904	0.673,0.783,0.812	0.139
6	"ENSG00000139436.20"	"GIT2"	chr12	-	109947255	109947504	109951211	109951316	109939164	109939247	109953091	109953234	6	108,109,26	123,88,42	72,86,107	50,40,53	194	338	0.000340980965652	0.00462534365445	0.605,0.683,0.519	0.715,0.789,0.779	-0.159
2232	"ENSG00000196141.13"	"SPATS2L"	chr2	+	200372108	200372251	200383866	200384017	200329430	200329480	200389222	200389283	2232	24,55,15	44,26,27	7,9,18	55,30,58	232	240	0.000373243992566	0.00501653623036	0.361,0.686,0.365	0.116,0.237,0.243	0.272
24	"ENSG00000010810.17"	"FYN"	chr6	-	111699514	111699670	111700103	111700268	111696276	111696456	111702884	111703034	24	35,20,18	28,29,21	80,64,72	38,31,32	254	245	0.000377728409428	0.00503065563465	0.547,0.399,0.453	0.67,0.666,0.685	-0.207
1136	"ENSG00000008517.16"	"IL32"	chr16	+	3067553	3067613	3067983	3068010	3067376	3067415	3068179	3068239	1136	15,8,2	1,2,0	1,5,3	6,3,1	149	116	0.000398597404816	0.00526076755005	0.921,0.757,1.0	0.115,0.565,0.7	0.433
1057	"ENSG00000179818.13"	"PCBP1-AS1"	chr2	-	70018014	70018131	70051202	70051305	69996685	69996888	70077300	70077381	1057	18,10,4	1,2,0	4,5,9	6,2,3	192	206	0.000418450199732	0.00547347805899	0.951,0.843,1.0	0.417,0.728,0.763	0.295
186	"ENSG00000060762.18"	"MPC1"	chr6	-	166366968	166367184	166368732	166368961	166366794	166366891	166370217	166370221	186	9,10,1	2,0,0	2,2,2	0,4,3	318	305	0.000423186098399	0.00548643924031	0.812,1.0,1.0	1.0,0.324,0.39	0.366
1103	"ENSG00000179818.13"	"PCBP1-AS1"	chr2	-	70055655	70055910	70059642	70059680	70051202	70051305	70077300	70077381	1103	1,5,4	6,12,6	0,2,0	2,10,8	127	344	0.000456116398076	0.00586149581738	0.311,0.53,0.644	0.0,0.351,0.0	0.378
746	"ENSG00000028528.14"	"SNX1"	chr15	+	64123502	64123546	64126078	64126220	64112572	64112684	64127173	64127252	746	9,2,4	514,480,215	18,9,8	293,335,378	133	231	0.000472033238142	0.00601329299024	0.03,0.007,0.031	0.096,0.045,0.035	-0.036
1131	"ENSG00000198467.13"	"TPM2"	chr9	-	35684731	35684807	35685063	35685139	35684487	35684550	35685268	35685339	1131	3125,3103,1662	1145,1232,665	2371,2640,2958	562,730,1042	165	165	0.000585038964393	0.00738863864514	0.732,0.716,0.714	0.808,0.783,0.739	-0.056
1935	"ENSG00000015153.14"	"YAF2"	chr12	-	42199135	42199235	42210547	42210619	42161612	42161765	42237598	42237724	1935	4,1,2	2,0,0	2,4,1	1,3,5	161	189	0.000608504099331	0.00761930346598	0.701,1.0,1.0	0.701,0.61,0.19	0.4
1600	"ENSG00000152457.17"	"DCLRE1C"	chr10	-	14945434	14945565	14947524	14947609	14945104	14945189	14949035	14949087	1600	18,11,4	7,3,0	1,0,1	5,5,0	174	220	0.000614098561625	0.00762418976933	0.765,0.823,1.0	0.202,0.0,1.0	0.462
197	"ENSG00000164548.10"	"TRA2A"	chr7	-	23522131	23522432	23531180	23531270	23521706	23521840	23531788	23532041	197	56,25,15	141,99,55	21,29,41	97,175,314	179	390	0.000628642663754	0.00773917228907	0.464,0.355,0.373	0.321,0.265,0.221	0.128
1731	"ENSG00000102054.17"	"RBBP7"	chrX	-	16852415	16852550	16852550	16852628	16852045	16852122	16852748	16852875	1731	1554,1199,573	42,32,17	687,824,1101	7,15,14	167	224	0.000733277083169	0.00895209105702	0.98,0.98,0.978	0.992,0.987,0.991	-0.011
248	"ENSG00000166145.14"	"SPINT1"	chr15	+	40854059	40854086	40854396	40854522	40853710	40853881	40854638	40854689	248	60,70,42	356,315,106	45,48,48	355,299,491	116	215	0.000912013665763	0.0110421489285	0.238,0.292,0.423	0.19,0.229,0.153	0.127
149	"ENSG00000125885.13"	"MCM8"	chr20	+	5972006	5972037	5972575	5972726	5967829	5968025	5973055	5973196	149	177,163,83	14,14,5	55,53,65	1,2,1	120	240	0.00093694126741	0.0112137729701	0.962,0.959,0.971	0.991,0.981,0.992	-0.024
2437	"ENSG00000148737.16"	"TCF7L2"	chr10	+	113158666	113158717	113159919	113159992	113158020	113158069	113160618	113160691	2437	45,35,10	19,19,5	11,20,26	1,4,4	140	162	0.000945438385167	0.0112137729701	0.733,0.681,0.698	0.927,0.853,0.883	-0.184
506	"ENSG00000197555.9"	"SIPA1L1"	chr14	+	71400793	71400918	71413947	71414014	71321121	71321181	71512742	71512845	506	3,3,1	16,5,6	0,0,0	7,3,3	214	156	0.000949152114875	0.0112137729701	0.12,0.304,0.108	0.0,0.0,0.0	0.177
1561	"ENSG00000204138.12"	"PHACTR4"	chr1	+	28432930	28433046	28457831	28457859	28407409	28407463	28459084	28459258	1561	2,0,0	10,6,1	0,3,4	1,1,3	205	117	0.00102800109718	0.0120481728589	0.102,0.0,0.0	0.0,0.631,0.432	-0.32
37	"ENSG00000099783.11"	"HNRNPM"	chr19	+	8462528	8462589	8463496	8463504	8455404	8455574	8463592	8463686	37	1875,1888,795	77,206,33	279,318,349	12,8,13	150	97	0.00104319932645	0.0121292620099	0.94,0.856,0.94	0.938,0.963,0.946	-0.037
61	"ENSG00000119681.11"	"LTBP2"	chr14	-	74507178	74507310	74507972	74508095	74506697	74506823	74508603	74508729	61	1,1,0	3,4,4	4,3,5	5,7,12	212	221	0.00109654037451	0.0126490680997	0.258,0.207,0.0	0.455,0.309,0.303	-0.201
815	"ENSG00000196295.11"	"AC005154.6"	chr7	-	30576563	30576710	30579005	30579128	30568832	30568989	30579230	30579314	815	3,2,1	0,1,1	1,6,4	1,5,5	212	236	0.00112824976405	0.0129131711276	1.0,0.69,0.527	0.527,0.572,0.471	0.216
807	"ENSG00000183317.16"	"EPHA10"	chr1	-	37722005	37722296	37722804	37722931	37721659	37721845	37723040	37723166	807	1,0,0	1,5,2	0,2,5	5,5,7	216	380	0.00118472544627	0.0134544401456	0.638,0.0,0.0	0.0,0.413,0.557	-0.111
2395	"ENSG00000175581.13"	"MRPL48"	chr11	+	73817822	73817947	73823012	73823070	73808312	73808350	73825707	73825796	2395	26,31,10	1,4,3	10,24,7	1,0,0	214	147	0.00123526599378	0.0139204975453	0.947,0.842,0.696	0.873,1.0,1.0	-0.129
2371	"ENSG00000138380.17"	"CARF"	chr2	+	202924296	202924415	202942739	202942967	202917876	202918043	202952558	202952679	2371	6,3,0	4,4,2	0,2,0	5,3,11	208	317	0.00138093456616	0.0154432758735	0.696,0.533,0.0	0.0,0.504,0.0	0.242
1109	"ENSG00000179818.13"	"PCBP1-AS1"	chr2	-	70055713	70055910	70059642	70059680	70051202	70051305	70077300	70077381	1109	1,5,4	14,15,5	0,2,0	3,9,8	127	286	0.0014315893962	0.015888473223	0.139,0.429,0.643	0.0,0.334,0.0	0.292
2419	"ENSG00000170632.13"	"ARMC10"	chr7	+	103086868	103086937	103092476	103092653	103086629	103086764	103097276	103097348	2419	14,17,3	715,676,320	8,3,1	324,614,672	158	266	0.00147713050891	0.0162706480869	0.032,0.041,0.016	0.04,0.008,0.002	0.013
2427	"ENSG00000183597.15"	"TANGO2"	chr22	+	20053436	20053551	20055942	20056013	20052464	20052584	20063337	20063442	2427	33,36,14	26,27,12	8,6,5	21,16,6	204	160	0.00154769578382	0.0168302910081	0.499,0.511,0.478	0.23,0.227,0.395	0.212
798	"ENSG00000176124.11"	"DLEU1"	chr13	+	50390197	50390291	50415088	50415202	50083141	50083194	50433412	50433550	798	2,4,1	0,23,3	0,0,1	6,6,6	183	203	0.00156240244171	0.0168302910081	1.0,0.162,0.27	0.0,0.0,0.156	0.425
799	"ENSG00000176124.11"	"DLEU1"	chr13	+	50390197	50390291	50415088	50415202	50082170	50082557	50433412	50433550	799	2,4,1	0,23,3	0,0,1	6,6,6	183	203	0.00156240244171	0.0168302910081	1.0,0.162,0.27	0.0,0.0,0.156	0.425
800	"ENSG00000176124.11"	"DLEU1"	chr13	+	50390197	50390291	50415089	50415202	50274931	50275046	50433412	50433550	800	2,4,1	0,23,3	0,0,1	6,6,6	183	202	0.00159305508764	0.0170352241124	1.0,0.161,0.269	0.0,0.0,0.155	0.425
1937	"ENSG00000080823.21"	"MOK"	chr14	-	102263545	102263616	102265822	102265912	102251916	102251995	102283477	102283592	1937	12,6,3	29,7,15	0,1,2	3,16,6	179	160	0.0016070924453	0.0170608002345	0.27,0.434,0.152	0.0,0.053,0.23	0.191
2413	"ENSG00000187630.15"	"DHRS4L2"	chr14	+	23995031	23995133	24001383	24001517	23990181	23990359	24004336	24004392	2413	50,51,27	18,28,11	33,18,34	3,3,9	191	223	0.00167004505028	0.0174758285619	0.764,0.68,0.741	0.928,0.875,0.815	-0.144
494	"ENSG00000205581.10"	"HMGN1"	chr21	-	39347246	39347292	39347378	39347478	39345145	39345274	39348291	39348339	494	184,178,89	8,8,4	38,121,62	1,0,2	189	135	0.00166948447054	0.0174758285619	0.943,0.941,0.941	0.964,1.0,0.957	-0.032
1646	"ENSG00000122958.14"	"VPS26A"	chr10	+	69157006	69157163	69158046	69158211	69132897	69133047	69162405	69162512	1646	310,221,95	638,599,266	131,182,216	171,294,446	246	254	0.00178513772699	0.0185477075889	0.334,0.276,0.269	0.442,0.39,0.333	-0.095
730	"ENSG00000051180.16"	"RAD51"	chr15	+	40709024	40709116	40718885	40718899	40701063	40701201	40728710	40728824	730	7,9,8	15,13,3	2,0,1	3,6,4	181	103	0.0018339516085	0.0189206979328	0.21,0.283,0.603	0.275,0.0,0.125	0.232
660	"ENSG00000105655.18"	"ISYNA1"	chr19	-	18436972	18437105	18437598	18437760	18436329	18436479	18437859	18437988	660	510,461,176	164,124,54	541,395,489	272,140,201	251	222	0.00194349834762	0.0197723963838	0.733,0.767,0.742	0.638,0.714,0.683	0.069
692	"ENSG00000133794.17"	"ARNTL"	chr11	+	13326412	13326467	13349944	13350070	13309986	13310059	13354300	13354448	692	4,5,2	89,89,37	2,0,0	65,50,76	144	215	0.00194273560462	0.0197723963838	0.063,0.077,0.075	0.044,0.0,0.0	0.057
1383	"ENSG00000204120.14"	"GIGYF2"	chr2	+	232731121	232731234	232734416	232734486	232703423	232703489	232735154	232735238	1383	3,1,0	43,20,9	1,2,7	10,7,14	202	159	0.00209304951852	0.0211470175492	0.052,0.038,0.0	0.073,0.184,0.282	-0.15
1418	"ENSG00000139620.12"	"KANSL2"	chr12	-	48660365	48660619	48662559	48662654	48654940	48655060	48667692	48667789	1418	25,34,18	540,524,272	7,9,5	210,261,261	184	343	0.00219456518631	0.0218710067887	0.079,0.108,0.11	0.059,0.06,0.034	0.048
847	"ENSG00000140853.15"	"NLRC5"	chr16	+	57055435	57055519	57058064	57058148	57055031	57055094	57058971	57059061	847	4,2,1	2,5,2	0,0,1	1,2,0	173	173	0.00218169021801	0.0218710067887	0.667,0.286,0.333	0.0,0.0,1.0	0.095
152	"ENSG00000090554.12"	"FLT3LG"	chr19	+	49478962	49479047	49480297	49480476	49476422	49476566	49480551	49480620	152	2,3,3	13,18,5	1,1,0	9,6,12	174	268	0.00229957928585	0.0227627273903	0.192,0.204,0.48	0.146,0.204,0.0	0.175
1968	"ENSG00000082269.16"	"FAM135A"	chr6	+	70426438	70426532	70426569	70426709	70415290	70415376	70428303	70428419	1968	64,79,21	11,25,3	27,26,41	19,12,19	183	229	0.00237438231738	0.0233454368789	0.879,0.798,0.898	0.64,0.731,0.73	0.158
858	"ENSG00000102878.16"	"HSF4"	chr16	+	67167302	67167402	67167474	67167599	67167119	67167222	67167823	67167947	858	2,2,0	31,21,12	5,11,8	30,44,56	189	214	0.00248432750658	0.0242635986476	0.068,0.097,0.0	0.159,0.221,0.139	-0.118
162	"ENSG00000111596.11"	"CNOT2"	chr12	+	70294070	70294294	70301704	70301865	70278131	70278274	70310894	70311017	162	12,11,1	39,17,11	15,15,19	9,9,27	313	250	0.0025838291102	0.0250682758043	0.197,0.341,0.068	0.571,0.571,0.36	-0.299
828	"ENSG00000153310.18"	"FAM49B"	chr8	-	129912469	129912515	129948965	129949067	129904498	129904585	129970942	129970995	828	2,4,1	13,6,6	0,0,1	4,4,4	191	135	0.00266717422016	0.0257066462667	0.098,0.32,0.105	0.0,0.0,0.15	0.124
1035	"ENSG00000171204.12"	"TMEM126B"	chr11	+	85629131	85629262	85631144	85631316	85628592	85628688	85631686	85631808	1035	16,17,12	247,261,109	4,5,0	75,124,92	220	261	0.00279474780875	0.0267601669269	0.071,0.072,0.116	0.06,0.046,0.0	0.051
1744	"ENSG00000110497.14"	"AMBRA1"	chr11	-	46508190	46508370	46512726	46512813	46494123	46494204	46541944	46543398	1744	28,17,13	77,90,39	0,2,10	21,37,49	176	269	0.00301902520286	0.0285782211147	0.357,0.224,0.338	0.0,0.076,0.238	0.202
493	"ENSG00000205581.10"	"HMGN1"	chr21	-	39347246	39347292	39347378	39347483	39345145	39345274	39348291	39348339	493	223,211,115	8,8,4	55,119,74	1,0,2	194	135	0.00302363431589	0.0285782211147	0.951,0.948,0.952	0.975,1.0,0.963	-0.029
465	"ENSG00000119787.13"	"ATL2"	chr2	-	38343267	38343512	38354066	38354177	38318884	38319019	38377142	38377262	465	13,17,5	973,989,468	3,4,3	546,641,686	200	334	0.00325194106216	0.0305390618978	0.022,0.028,0.018	0.009,0.01,0.007	0.014
1358	"ENSG00000173818.16"	"ENDOV"	chr17	+	80417780	80417945	80422139	80422245	80415649	80415821	80423519	80423632	1358	1,2,3	26,19,8	4,5,15	14,22,23	254	195	0.00343959810763	0.0320956129151	0.029,0.075,0.224	0.18,0.149,0.334	-0.112
1192	"ENSG00000183889.12"	"AC138969.4"	chr16	+	16335860	16335992	16336051	16336137	16333646	16333884	16340305	16340434	1192	11,3,14	5,2,4	1,17,5	8,7,34	221	175	0.0035641208815	0.0330305064889	0.635,0.543,0.735	0.09,0.658,0.104	0.354
1463	"ENSG00000268043.7"	"NBPF12"	chr1	+	146970646	146970719	146976928	146977001	146969381	146969596	146977465	146977671	1463	2,0,0	11,5,10	0,1,6	14,13,13	162	162	0.00358522596181	0.0330305064889	0.154,0.0,0.0	0.0,0.071,0.316	-0.078
1778	"ENSG00000164253.13"	"WDR41"	chr5	-	77449759	77449860	77453816	77453928	77440812	77440997	77459061	77459124	1778	293,248,89	169,143,57	217,244,252	188,187,220	201	190	0.00360742732985	0.0330305064889	0.621,0.621,0.596	0.522,0.552,0.52	0.081
2478	"ENSG00000071564.14"	"TCF3"	chr19	-	1612206	1612433	1615284	1615520	1611703	1611849	1615685	1615821	2478	867,851,382	1179,1087,537	491,467,689	808,894,1184	325	316	0.00386706367696	0.0351878775574	0.417,0.432,0.409	0.371,0.337,0.361	0.063
2141	"ENSG00000068305.17"	"MEF2A"	chr15	+	99671322	99671454	99671519	99671657	99645560	99645764	99674392	99674612	2141	92,80,35	68,77,25	79,80,181	38,48,86	221	227	0.0039019588435	0.0352862327514	0.582,0.516,0.59	0.681,0.631,0.684	-0.103
154	"ENSG00000254788.7"	"CKLF-CMTM1"	chr16	+	66558189	66558348	66563121	66563217	66552678	66552793	66577103	66577202	154	148,160,49	171,158,64	86,78,78	69,60,40	248	185	0.00397488657785	0.0357252075862	0.392,0.43,0.364	0.482,0.492,0.593	-0.127
1583	"ENSG00000142192.20"	"APP"	chr21	-	25997359	25997416	26000014	26000182	25982343	25982477	26021839	26022042	1583	2294,2086,988	241,242,126	2311,2048,3020	190,188,252	257	146	0.00402967669355	0.0359968070491	0.844,0.83,0.817	0.874,0.861,0.872	-0.039
1606	"ENSG00000130158.13"	"DOCK6"	chr19	-	11229297	11229390	11232184	11232289	11228939	11229035	11233202	11233366	1606	8,9,2	21,22,8	21,8,26	10,10,34	194	182	0.00432847258493	0.0383978414585	0.263,0.277,0.19	0.663,0.429,0.418	-0.26
1861	"ENSG00000087586.17"	"AURKA"	chr20	-	56388311	56388506	56388686	56388784	56388155	56388202	56390555	56390665	1861	281,310,145	3,6,1	171,155,227	9,5,9	187	284	0.00435088169427	0.0383978414585	0.993,0.987,0.995	0.967,0.979,0.975	0.018
859	"ENSG00000102878.16"	"HSF4"	chr16	+	67167302	67167402	67167460	67167599	67167119	67167222	67167823	67167947	859	2,2,0	21,10,7	5,11,8	23,13,36	189	228	0.00445315497449	0.0390651020217	0.103,0.194,0.0	0.208,0.505,0.211	-0.209
974	"ENSG00000132600.16"	"PRMT7"	chr16	+	68315896	68316074	68321425	68321462	68312041	68312176	68324682	68324832	974	127,169,55	34,38,25	23,42,54	4,6,5	267	126	0.00449375009976	0.0391865708104	0.638,0.677,0.509	0.731,0.768,0.836	-0.17
1516	"ENSG00000131374.14"	"TBC1D5"	chr3	-	17518901	17518995	17622647	17622765	17508473	17508605	17623848	17623913	1516	5,13,2	2,2,1	2,0,4	3,1,5	207	183	0.00461512933313	0.0398301475767	0.688,0.852,0.639	0.371,0.0,0.414	0.465
831	"ENSG00000153310.18"	"FAM49B"	chr8	-	129880375	129880458	129896748	129896854	129879388	129879471	129903311	129903350	831	8,1,4	43,43,18	0,1,1	4,14,14	195	172	0.00462192838774	0.0398301475767	0.141,0.02,0.164	0.0,0.059,0.059	0.069
1820	"ENSG00000182389.19"	"CACNB4"	chr2	-	151860710	151860820	151870530	151870611	151855223	151855375	151870841	151870861	1820	1,3,1	2,0,0	2,5,9	9,2,3	170	199	0.00473117819164	0.0405331932793	0.369,1.0,1.0	0.206,0.745,0.778	0.213
1503	"ENSG00000143537.13"	"ADAM15"	chr1	+	155061417	155061489	155061903	155062117	155060762	155060832	155062244	155062369	1503	24,36,12	59,74,39	18,18,29	26,19,36	161	303	0.00487940654616	0.0410823597134	0.434,0.478,0.367	0.566,0.641,0.603	-0.177
1650	"ENSG00000159147.17"	"DONSON"	chr21	-	33583487	33583666	33584589	33584768	33582164	33582246	33585977	33586181	1650	409,388,138	451,361,156	135,155,181	112,96,145	268	268	0.0048368499669	0.0410823597134	0.476,0.518,0.469	0.547,0.618,0.555	-0.086
2499	"ENSG00000215126.10"	"CBWD7"	chr9	-	41170283	41170423	41171846	41171934	41166783	41166830	41172711	41172749	2499	40,20,12	1,0,0	7,46,39	1,0,8	177	229	0.00487347858777	0.0410823597134	0.981,1.0,1.0	0.901,1.0,0.863	0.072
857	"ENSG00000102878.16"	"HSF4"	chr16	+	67167474	67167599	67167823	67167947	67167302	67167402	67168830	67168936	857	14,8,6	21,18,13	15,9,21	64,57,84	214	213	0.00494150314647	0.0413674406262	0.399,0.307,0.315	0.189,0.136,0.199	0.166
1017	"ENSG00000128595.16"	"CALU"	chr7	+	128754261	128754455	128754528	128754722	128748572	128748804	128758870	128759037	1017	2126,2237,1090	562,576,214	1290,1469,1840	489,393,551	283	283	0.00512434943927	0.0419395079806	0.791,0.795,0.836	0.725,0.789,0.77	0.046
1562	"ENSG00000204138.12"	"PHACTR4"	chr1	+	28432930	28433046	28457831	28457855	28407409	28407463	28459084	28459258	1562	2,0,0	14,2,4	0,3,4	6,1,6	205	113	0.00510499859992	0.0419395079806	0.073,0.0,0.0	0.0,0.623,0.269	-0.273
2435	"ENSG00000148737.16"	"TCF7L2"	chr10	+	113158666	113158717	113159919	113159992	113158020	113158069	113165554	113167678	2435	65,44,16	17,32,8	18,18,35	2,1,10	140	162	0.00511827557859	0.0419395079806	0.816,0.614,0.698	0.912,0.954,0.802	-0.18
471	"ENSG00000217555.12"	"CKLF"	chr16	+	66558189	66558348	66563121	66563217	66552568	66552793	66565885	66566072	471	154,161,51	324,300,126	91,84,84	147,122,69	248	185	0.00506694979728	0.0419395079806	0.262,0.286,0.232	0.316,0.339,0.476	-0.117
1036	"ENSG00000171204.12"	"TMEM126B"	chr11	+	85629131	85629203	85631144	85631316	85628596	85628688	85631686	85631808	1036	7,7,4	247,261,109	1,2,0	75,124,92	161	261	0.00544866027107	0.0442634992204	0.044,0.042,0.056	0.021,0.025,0.0	0.032
926	"ENSG00000196876.14"	"SCN8A"	chr12	+	51688757	51688849	51689004	51689096	51687090	51687219	51699569	51699791	926	2,3,0	3,4,2	0,0,1	1,2,3	181	181	0.00546873266818	0.0442634992204	0.4,0.429,0.0	0.0,0.0,0.25	0.193
2257	"ENSG00000118495.18"	"PLAGL1"	chr6	-	143947984	143948460	143960468	143960542	143940301	143942663	143968906	143968978	2257	24,13,5	377,419,187	11,43,25	224,271,363	163	565	0.00550614874503	0.044321472041	0.181,0.097,0.085	0.145,0.355,0.193	-0.11
526	"ENSG00000185379.20"	"RAD51D"	chr17	-	35107365	35107447	35116858	35117037	35106987	35107122	35118500	35118619	526	5,7,0	33,44,16	5,2,8	3,12,10	268	171	0.0058377476115	0.0467338811522	0.088,0.092,0.0	0.515,0.096,0.338	-0.256
593	"ENSG00000118961.14"	"LDAH"	chr2	-	20790254	20790398	20801291	20801465	20774809	20774979	20823036	20823130	593	137,110,48	196,169,62	73,63,102	48,74,93	263	233	0.00607587895265	0.0483758840523	0.382,0.366,0.407	0.574,0.43,0.493	-0.114
630	"ENSG00000025293.16"	"PHF20"	chr20	+	35858301	35858381	35863012	35863400	35847349	35847434	35869437	35869551	630	72,78,36	359,334,104	36,63,122	240,429,740	169	477	0.00616183353783	0.048795060178	0.361,0.397,0.494	0.297,0.293,0.318	0.115
1015	"ENSG00000166479.9"	"TMX3"	chr18	-	68701744	68701790	68710020	68710144	68700404	68700485	68711363	68711403	1015	155,158,53	4,5,3	56,77,102	0,1,1	213	135	0.00621414076753	0.048944710884	0.961,0.952,0.918	1.0,0.98,0.985	-0.045
2477	"ENSG00000071564.14"	"TCF3"	chr19	-	1612206	1612430	1615284	1615520	1611703	1611849	1615685	1615821	2477	867,851,382	942,902,432	491,467,689	635,697,992	325	313	0.00625951613442	0.0490384552777	0.47,0.476,0.46	0.427,0.392,0.401	0.062
2099	"ENSG00000149532.15"	"CPSF7"	chr11	-	61421053	61421130	61421191	61421257	61420469	61420573	61421389	61421608	2099	51,54,16	51,65,18	13,28,25	5,16,16	155	166	0.00637777017871	0.0496991133607	0.517,0.471,0.488	0.736,0.652,0.626	-0.179
738	"ENSG00000111834.12"	"RSPH4A"	chr6	+	116627628	116628369	116629566	116629702	116622767	116623002	116630434	116630552	738	8,3,2	1,3,0	2,6,3	0,0,0	830	225	0.00642057531818	0.0497679515404	0.684,0.213,1.0	1.0,1.0,1.0	-0.368
2109	"ENSG00000103248.18"	"MTHFSD"	chr16	-	86551972	86552146	86552178	86552292	86548463	86548577	86554644	86554751	2109	77,73,32	34,13,9	5,31,38	4,12,44	203	263	0.00651007663741	0.0501961172306	0.746,0.879,0.822	0.618,0.77,0.528	0.177
2316	"ENSG00000205809.9"	"KLRC2"	chr12	-	10434485	10434530	10434994	10435039	10433790	10433942	10435311	10435410	2316	1,1,0	79,77,29	0,2,9	83,77,53	134	134	0.00666919666315	0.0511537859242	0.012,0.013,0.0	0.0,0.025,0.145	-0.048
989	"ENSG00000165304.7"	"MELK"	chr9	+	36589535	36589652	36594627	36594771	36581643	36581739	36597221	36597290	989	295,341,112	464,396,188	158,131,184	149,165,155	206	233	0.00690383092951	0.0526776682903	0.418,0.493,0.403	0.545,0.473,0.573	-0.092
1667	"ENSG00000188343.12"	"FAM92A1"	chr8	+	93707201	93707281	93708010	93708016	93704908	93705010	93709770	93709875	1667	9,2,2	7,14,1	4,3,5	0,5,0	169	95	0.00699210930975	0.0530748193719	0.42,0.074,0.529	1.0,0.252,1.0	-0.41
